0 20 20
1 3 29
2 6 41
3 1 3
4 1 0
5 1 0
6 1 0
7 1 0
8 1 0
9 1 0
10 1 0
11 2 0
12 4 0
13 6 0
14 8 0
15 15 0
16 21 0
17 18 0
18 2 0
19 2 0
20 3 0
21 3 0
22 4 0
23 5 0
24 9 0
25 12 0
26 18 0
27 28 0
28 39 0
29 6 0
30 10 0
31 14 0
32 19 0
33 14 0
34 9 0
35 4 0
36 4 0
37 5 0
38 9 0
39 14 0
40 18 0
41 26 0
42 36 0
43 53 0
44 29 0
45 15 0
46 21 0
47 31 0
48 40 0
49 8 0
50 12 0
51 9 0
52 7 0
53 11 0
54 15 0
55 12 0
56 1 0
57 2 0
58 3 0
59 5 0
60 6 0
61 10 0
62 15 0
63 22 0
64 15 0
65 1 0
66 1 0
67 2 0
68 3 0
69 4 0
70 5 0
71 7 0
72 9 0
73 14 0
74 20 0
75 25 0
76 22 0
77 31 0
78 13 0
79 19 0
80 9 0
81 6 0
82 9 0
83 12 0
84 14 0
85 19 0
86 27 0
87 42 0
88 56 0
89 22 0
90 20 0
91 9 0
92 14 0
93 24 0
94 4 0
95 1 0
96 1 0
97 1 0
98 1 0
99 1 0
